1
7234,
/
2

/
3
5045,
/
4
2091,4596,8205,
/
5
5,6,18,20,29,35,38,47,61,68,72,93,99,121,127,134,142,143,145,148,157,164,178,186,192,215,225,238,239,242,260,264,265,266,272,275,281,285,296,351,380,381,390,393,397,402,406,410,420,422,445,464,485,500,518,522,525,530,533,536,542,547,555,562,576,585,586,587,608,619,635,636,638,643,646,647,649,652,658,665,720,725,741,742,745,750,753,755,779,784,789,796,800,812,814,823,828,837,842,843,844,846,853,871,886,891,895,898,905,907,920,922,923,928,931,943,944,950,963,967,990,1012,1031,1033,1039,1060,1062,1063,1067,1078,1083,1123,1125,1131,1145,1156,1159,1160,1161,1165,1169,1187,1197,1201,1207,1208,1217,1244,1258,1273,1283,1286,1298,1302,1303,1343,1392,1397,1411,1415,1418,1419,1422,1430,1453,1459,1464,1465,1472,1495,1496,1497,1499,1505,1522,1528,1536,1548,1552,1581,1583,1588,1593,1594,1597,1614,1615,1616,1618,1619,1632,1634,1638,1661,1662,1667,1670,1671,1673,1681,1684,1687,1696,1712,1713,1714,1718,1719,1724,1738,1743,1747,1751,1753,1754,1778,1795,1797,1800,1807,1829,1831,1833,1836,1841,1850,1863,1864,1869,1871,1884,1895,1910,1916,1926,1937,1939,1941,1944,1962,1963,1965,1972,1974,1976,1980,1985,1986,1987,1988,1999,2000,2009,2020,2021,2029,2038,2048,2056,2060,2073,2074,2075,2081,2082,2091,2114,2120,2132,2134,2140,2151,2159,2165,2172,2186,2193,2208,2219,2228,2236,2240,2257,2261,2281,2287,2288,2289,2292,2293,2308,2309,2314,2321,2324,2335,2343,2345,2360,2361,2366,2370,2380,2388,2390,2399,2410,2414,2415,2427,2430,2453,2455,2457,2464,2468,2473,2489,2491,2498,2503,2510,2515,2523,2530,2540,2542,2549,2552,2561,2563,2566,2570,2572,2582,2590,2598,2616,2625,2634,2672,2676,2678,2688,2696,2701,2703,2706,2718,2749,2762,2770,2775,2778,2788,2793,2801,2818,2827,2828,2836,2856,2869,2876,2886,2887,2889,2897,2904,2912,2917,2922,2923,2940,2947,2948,2950,2956,2962,2965,2966,2974,2975,2978,3001,3023,3032,3038,3039,3043,3061,3065,3066,3068,3080,3084,3101,3106,3110,3114,3120,3121,3122,3123,3140,3141,3151,3154,3169,3173,3184,3185,3186,3188,3192,3197,3206,3217,3223,3226,3240,3248,3249,3251,3257,3259,3281,3287,3289,3300,3305,3314,3324,3334,3337,3357,3358,3362,3363,3369,3375,3377,3381,3384,3385,3388,3394,3395,3408,3409,3414,3424,3426,3430,3439,3450,3457,3458,3459,3474,3478,3482,3483,3485,3496,3507,3518,3527,3529,3532,3534,3536,3537,3540,3559,3561,3569,3571,3572,3578,3592,3597,3599,3602,3609,3615,3618,3619,3625,3626,3627,3628,3636,3641,3642,3645,3647,3650,3652,3654,3655,3662,3690,3692,3693,3701,3707,3709,3713,3714,3720,3721,3723,3733,3739,3753,3757,3763,3764,3775,3777,3779,3785,3791,3798,3828,3829,3836,3837,3842,3854,3867,3868,3871,3875,3876,3877,3879,3881,3883,3910,3913,3921,3924,3939,3940,3945,3946,3948,3949,3958,3966,3978,3979,3981,3982,3984,3987,3988,3989,3991,3999,4001,4017,4039,4045,4046,4047,4057,4063,4067,4068,4084,4087,4089,4090,4099,4108,4120,4123,4124,4127,4128,4132,4136,4138,4157,4161,4165,4170,4178,4186,4190,4193,4194,4202,4232,4234,4263,4301,4303,4309,4312,4313,4316,4317,4319,4320,4331,4336,4337,4338,4339,4341,4342,4344,4347,4349,4350,4351,4353,4366,4386,4393,4411,4414,4415,4416,4420,4421,4422,4423,4425,4427,4428,4430,4433,4434,4436,4439,4445,4446,4450,4451,4453,4457,4460,4474,4485,4487,4493,4499,4500,4507,4510,4522,4524,4525,4526,4527,4533,4534,4537,4541,4548,4549,4550,4559,4561,4563,4571,4572,4590,4594,4596,4597,4598,4603,4608,4616,4621,4627,4633,4637,4654,4659,4664,4673,4683,4689,4700,4706,4708,4709,4718,4720,4723,4735,4742,4744,4745,4749,4751,4752,4756,4764,4778,4804,4811,4815,4821,4823,4829,4834,4841,4842,4844,4860,4867,4912,4923,4926,4930,4934,4938,4941,4946,4948,4950,4973,4974,4993,4995,5003,5011,5014,5016,5020,5023,5039,5045,5051,5052,5059,5074,5092,5106,5113,5114,5121,5131,5133,5136,5137,5138,5139,5144,5147,5155,5157,5158,5162,5165,5169,5172,5173,5181,5183,5194,5195,5204,5210,5213,5225,5226,5229,5230,5232,5233,5240,5241,5248,5257,5259,5263,5267,5268,5274,5301,5305,5333,5336,5339,5349,5356,5360,5361,5369,5380,5384,5387,5390,5393,5397,5413,5421,5426,5427,5432,5436,5440,5441,5442,5450,5458,5459,5463,5470,5472,5474,5477,5479,5485,5490,5496,5506,5507,5510,5528,5547,5553,5554,5569,5576,5579,5581,5584,5621,5632,5635,5636,5638,5643,5649,5650,5652,5653,5658,5664,5665,5668,5671,5676,5677,5680,5691,5694,5703,5705,5709,5713,5729,5734,5735,5738,5739,5740,5742,5744,5760,5761,5765,5778,5781,5793,5798,5811,5819,5823,5825,5831,5833,5836,5846,5850,5851,5860,5864,5865,5870,5874,5879,5880,5887,5888,5906,5908,5910,5917,5942,5954,5956,5957,5985,5988,5997,5999,6001,6006,6029,6033,6041,6044,6046,6049,6052,6053,6054,6057,6062,6063,6069,6076,6081,6085,6086,6088,6090,6092,6100,6103,6112,6113,6127,6128,6130,6141,6142,6151,6152,6155,6159,6166,6167,6169,6171,6172,6173,6174,6176,6177,6188,6203,6216,6218,6222,6231,6238,6242,6247,6249,6250,6255,6261,6265,6266,6267,6282,6314,6316,6320,6322,6326,6333,6336,6337,6340,6341,6347,6349,6351,6352,6362,6363,6369,6371,6373,6378,6379,6382,6388,6391,6397,6404,6417,6418,6423,6427,6429,6435,6441,6442,6443,6462,6464,6465,6480,6485,6491,6494,6503,6504,6511,6512,6518,6520,6523,6524,6526,6552,6553,6555,6557,6558,6563,6571,6572,6577,6588,6590,6597,6600,6602,6603,6607,6614,6615,6626,6627,6628,6638,6640,6643,6652,6663,6669,6672,6674,6678,6684,6686,6693,6695,6698,6702,6703,6705,6707,6708,6709,6711,6712,6714,6715,6716,6718,6722,6728,6731,6736,6740,6749,6750,6754,6761,6762,6763,6764,6765,6776,6780,6781,6783,6784,6788,6789,6790,6803,6804,6807,6809,6813,6816,6817,6818,6823,6824,6825,6839,6848,6852,6854,6859,6863,6864,6865,6867,6871,6873,6875,6877,6882,6884,6885,6887,6895,6899,6904,6905,6908,6912,6924,6951,6953,6954,6956,6957,6968,6969,6974,6979,6984,6988,6991,6994,7003,7010,7021,7029,7040,7053,7057,7066,7068,7069,7072,7074,7075,7076,7078,7083,7087,7092,7100,7105,7106,7111,7116,7130,7142,7146,7149,7150,7151,7163,7165,7167,7168,7170,7173,7174,7175,7179,7186,7187,7188,7192,7196,7210,7234,7242,7244,7246,7248,7258,7261,7266,7270,7278,7280,7284,7294,7302,7307,7324,7325,7332,7337,7342,7344,7347,7350,7356,7357,7362,7365,7370,7371,7373,7375,7378,7385,7388,7391,7396,7402,7404,7408,7413,7415,7416,7440,7442,7458,7459,7467,7468,7469,7471,7473,7474,7484,7486,7487,7488,7490,7492,7496,7498,7499,7509,7516,7517,7520,7531,7532,7551,7552,7554,7555,7560,7585,7595,7597,7598,7599,7600,7604,7606,7624,7629,7631,7645,7657,7674,7676,7678,7679,7684,7689,7694,7696,7700,7705,7709,7711,7716,7718,7721,7724,7726,7728,7734,7742,7743,7745,7758,7766,7769,7775,7778,7789,7796,7803,7809,7811,7820,7821,7834,7838,7843,7850,7855,7860,7873,7877,7879,7884,7885,7887,7890,7899,7901,7902,7905,7906,7918,7921,7930,7942,7944,7951,7953,7960,7977,7979,7982,7985,7986,7987,7988,7991,7993,7997,8000,8001,8006,8008,8021,8023,8030,8042,8047,8050,8052,8061,8064,8067,8085,8088,8100,8101,8105,8108,8114,8118,8123,8124,8130,8131,8135,8140,8144,8151,8154,8158,8162,8165,8168,8189,8194,8209,8216,8218,8224,8228,8231,8237,8245,8251,8259,8270,8278,8287,8296,8297,8298,8302,8305,8333,8334,8342,8361,8367,8375,8381,8383,8396,8411,8412,8418,8424,8426,8430,8440,8456,8459,8466,8467,8469,8470,8476,8480,8481,8490,8495,8496,8499,8513,8529,8530,8535,8536,8540,8543,8550,8556,8557,8559,8561,8569,8570,8573,8584,8598,8599,8602,8603,8614,8623,8627,8637,8648,8653,8656,8664,8668,8676,8704,8727,8748,8752,8759,8762,8764,8768,8770,8780,8796,8799,8807,8811,8818,8824,8829,8842,8844,8846,8856,8864,8893,8904,8905,8912,8916,8918,8921,8940,8946,8952,8962,8969,8974,9005,9007,9014,9025,9026,9027,9045,9051,9054,9072,9082,9085,9089,9091,9117,9119,9120,9144,9149,9156,9158,9160,9168,9169,9170,9172,9180,9188,9193,9196,9213,9259,9277,9286,9295,9311,9315,9316,9340,9342,9349,9354,9380,9381,9383,9390,9391,9400,9406,9413,9417,9420,9422,9428,9431,9436,9442,9468,9473,9481,9483,9510,9511,9520,9533,9539,9557,9559,9561,9569,9574,9579,9588,9594,9598,9604,9613,9623,9628,9640,9650,9651,9658,9669,9671,9675,9678,9679,9680,9681,9693,9695,9699,9704,9705,9707,9713,9714,9715,9719,9723,9733,9736,9739,9745,9750,9768,9770,9772,9773,9775,9777,9782,9785,9786,9791,9797,9806,9809,9810,9813,9814,9819,9824,9826,9828,9837,9843,9846,9854,9857,9862,9867,9868,9873,9878,9904,9915,9916,9922,9925,9926,9930,9935,9937,9938,9942,9956,9959,9960,9961,9962,9967,9969,9973,9976,9978,9980,10001,10007,10011,10014,10024,10025,10026,10030,10031,10044,10056,10059,10062,10075,10077,10085,10102,10104,10127,10133,10135,10145,10154,10162,10170,10173,10178,10182,10183,10186,10214,10216,10218,10229,10259,10271,10277,10281,10283,10288,10291,10295,10300,10312,10317,10320,10326,10335,10336,10339,10340,10388,10390,10410,10411,10421,10455,10457,10458,10464,10466,10469,10471,10476,10479,10480,10481,10485,10486,10494,10506,10508,10516,10521,10528,10545,10551,10552,10566,10579,10588,10589,10614,10640,10651,10652,10653,10671,10672,10682,10683,10692,10694,10703,10719,10736,10737,10738,10741,10749,10760,10762,10763,10772,10779,10788,10800,10812,10814,10836,10844,10861,10873,10875,10876,10885,10889,10903,10914,10942,10950,10964,10991,11020,11023,11024,11028,11030,11035,11037,11043,11046,11060,11063,11084,11087,11090,11093,11095,11109,11120,11122,11127,11139,11145,11164,11169,11177,11178,11180,11189,11192,11198,11212,11225,11231,11235,11240,11241,11243,11244,11251,11255,11258,11259,11263,11270,11279,11315,11332,11333,11344,11356,11364,11366,11367,11375,11382,11394,11400,11428,
/
6
1240,3484,4064,5506,5908,6997,7328,7355,8440,
/
7
173,195,449,696,698,827,828,948,977,980,1098,1186,1338,1354,1482,1643,1738,1758,1760,1870,1940,1965,1992,2208,2226,2229,2420,2461,2548,2600,2702,2839,2924,2947,2971,3089,3317,3385,3427,3496,3538,3594,3666,3674,3745,3829,3896,3958,4006,4057,4068,4096,4098,4102,4105,4326,4375,4470,4474,4476,4521,4540,4593,4616,4619,4642,4645,4745,4839,4844,4859,4953,4975,5044,5053,5164,5367,5382,5418,5429,5553,5572,5587,5740,5780,5782,5836,5871,5880,5898,6017,6081,6096,6184,6249,6386,6474,6526,6549,6565,6566,6604,6614,6615,6649,6705,6712,6714,6728,6761,6763,6784,6785,6788,6809,6862,6867,6878,6923,6992,7072,7104,7107,7190,7198,7206,7294,7301,7387,7388,7389,7390,7396,7497,7507,7581,7583,7588,7600,7601,7687,7704,7725,7812,7993,8021,8025,8047,8131,8137,8155,8157,8224,8265,8304,8347,8348,8419,8430,8458,8480,8481,8535,8556,8568,8588,8842,8863,8864,9323,9344,9352,9710,9874,9924,9982,10068,10225,10361,10787,10793,10918,11166,11343,11344,
/
8

/
9

/
10
1934,2669,6966,
/
11

/
12
6960,
/
13

/
14

/
15
4815,9853,
/
16
24,33,45,134,135,165,183,428,430,464,509,590,617,719,743,781,798,804,813,815,861,877,943,970,994,1048,1053,1057,1073,1076,1079,1185,1189,1191,1194,1206,1208,1233,1321,1322,1326,1337,1341,1345,1373,1453,1478,1481,1483,1486,1559,1584,1619,1637,1733,1734,1838,1839,1874,1917,1937,1961,1973,1987,2011,2030,2039,2124,2200,2213,2288,2309,2318,2322,2335,2343,2367,2479,2526,2530,2535,2565,2589,2763,2782,2791,2798,2817,2819,2874,2982,2983,3021,3058,3064,3066,3067,3068,3140,3151,3157,3158,3186,3235,3251,3289,3334,3358,3410,3432,3491,3515,3570,3614,3629,3688,3733,3756,3763,3878,3880,3882,3918,3962,3989,3991,4034,4073,4080,4096,4148,4150,4153,4157,4182,4199,4211,4217,4222,4245,4255,4260,4287,4345,4348,4350,4420,4436,4457,4500,4515,4540,4573,4581,4616,4630,4666,4667,4697,4706,4708,4729,4730,4738,4739,4785,4795,4837,4839,4844,4850,4907,4911,4928,4930,4943,4950,4958,4966,5023,5027,5045,5053,5148,5150,5153,5259,5267,5289,5361,5409,5446,5567,5626,5644,5646,5650,5658,5660,5662,5668,5711,5730,5794,5804,5822,5845,5861,5865,5866,5881,5938,5940,5941,5942,5945,5963,5974,5976,5986,5991,5999,6027,6039,6061,6082,6085,6090,6134,6141,6152,6211,6221,6222,6239,6267,6269,6270,6276,6304,6324,6328,6348,6356,6357,6366,6412,6416,6439,6444,6464,6467,6499,6528,6531,6542,6554,6571,6576,6584,6588,6592,6594,6634,6637,6653,6677,6678,6709,6727,6732,6736,6740,6753,6766,6782,6807,6815,6816,6821,6835,6838,6848,6875,6884,6886,6894,6895,6901,6906,6908,6961,6977,6986,6987,6989,7037,7071,7086,7096,7099,7101,7110,7145,7158,7173,7180,7187,7270,7275,7278,7280,7282,7284,7301,7334,7335,7340,7372,7380,7387,7388,7395,7438,7469,7472,7484,7490,7495,7500,7550,7554,7555,7560,7566,7567,7580,7581,7588,7674,7709,7723,7758,7766,7770,7783,7807,7808,7812,7816,7820,7839,7860,7864,7879,7911,7923,7950,7955,7965,7970,7972,8016,8024,8026,8030,8080,8088,8102,8111,8121,8144,8165,8231,8233,8241,8244,8245,8253,8294,8303,8329,8334,8335,8357,8373,8381,8385,8386,8450,8460,8489,8513,8520,8521,8563,8567,8623,8653,8669,8672,8674,8675,8683,8743,8769,8825,8832,8834,8905,8958,8976,9075,9079,9081,9114,9120,9134,9161,9193,9199,9239,9247,9249,9255,9295,9335,9406,9426,9429,9430,9431,9434,9497,9504,9522,9526,9552,9557,9580,9587,9650,9685,9687,9695,9703,9746,9767,9789,9794,9798,9841,9851,9867,9877,9897,9915,9931,9935,9942,9947,9954,9971,10003,10020,10028,10089,10107,10136,10179,10189,10195,10287,10295,10319,10335,10336,10337,10347,10348,10400,10447,10473,10491,10541,10543,10544,10642,10647,10694,10764,10767,10783,10880,10903,10905,10926,10959,10980,10983,10999,11016,11034,11042,11046,11063,11066,11105,11122,11210,11215,11217,11251,11267,11308,11325,11394,11406,11407,11422,
/
17

/
18
344,346,361,390,617,739,743,1040,1571,2122,2140,2389,4030,4903,5226,5938,6211,6212,6218,6221,6493,6501,7145,7426,7637,7850,8513,8621,9138,11129,11249,11277,
/
19
459,1004,1373,1407,1772,1858,1908,2397,3217,3541,3606,4119,4129,5067,5606,5948,6371,7166,7319,7483,7615,7843,8760,9053,9465,10693,
/
20
91,219,220,375,382,474,483,603,608,735,747,883,895,911,912,1017,1129,1141,1153,1269,1427,1430,1550,1551,1578,1803,2018,2032,2109,2138,2139,2264,2265,2516,2522,2654,2761,2769,2872,2891,2902,2905,2907,2914,3234,3452,3453,3914,4160,4386,4587,4687,4688,4797,4885,4991,5103,5217,5315,5316,5325,5401,5535,5808,5944,5945,6126,6128,6221,6400,6491,6596,6599,6667,6749,6750,6849,6943,7028,7049,7051,7060,7426,7441,7538,7757,7851,7853,7854,7856,7958,8173,8196,8398,8515,8626,8748,8765,9060,9267,9378,9495,9630,9652,9743,9843,9909,9916,10007,10011,10115,10138,10276,10281,10282,10286,10300,10438,10448,10552,10562,10594,10844,10848,10988,10990,10991,10992,11147,11150,11156,11244,11275,11394,11417,
/
21

/
22
608,5325,6491,7060,
/
23
860,3334,
/
24
323,379,576,997,998,1391,1393,1567,1700,1790,1794,1815,1904,1926,2010,2380,2628,2742,2900,3111,3225,3334,3336,3354,3437,3459,3463,3554,3800,3801,3817,3918,4027,4136,4144,4146,4784,5099,5119,5397,5519,5596,5620,5684,5702,5703,5798,6203,6204,6301,6302,6306,6663,7057,7225,7421,7847,8070,8176,8281,9016,9048,9135,9357,9358,9367,9484,9618,9735,9908,10410,10412,10540,10574,10871,10961,10962,11378,
/
25
80,88,328,329,1011,1395,1650,1663,1796,2016,2528,2628,2632,3111,3351,3807,3918,4028,4171,4783,4881,5314,5328,5594,5702,5713,5800,5907,5923,6299,6301,6303,6305,6398,6663,6842,6849,6925,7029,7033,7147,7226,7238,7522,7527,7613,7969,8078,8179,8386,8396,8741,9135,9735,9841,9907,9999,10959,11108,11235,
/
26
5800,7226,7613,
/
27

/
28
2718,3431,4124,8067,8166,8230,
/
29
3334,3554,3567,5801,6310,9394,
/
30
7523,9846,
/
31

/
32
124,914,1048,1125,1154,1285,1286,1441,1448,1703,1704,1705,1822,1932,1933,2779,3024,3132,3240,3466,3553,3825,3829,3830,3930,4052,4293,4908,5007,5226,5307,5535,5623,5817,5818,5947,5948,6004,6037,6136,6142,6855,7642,7774,7867,7868,8057,8292,8415,8416,8516,8517,8519,8790,9160,9268,9754,9847,9848,10456,
/
33

/
34

/
35
2,9,22,32,34,61,65,67,112,120,154,156,173,183,225,263,272,275,280,286,307,308,337,345,355,400,405,413,416,417,419,423,425,430,439,446,454,471,493,498,524,554,566,579,581,607,621,628,648,676,682,701,708,739,759,766,782,784,787,807,813,815,868,887,902,914,927,933,934,935,944,946,952,953,1000,1003,1050,1052,1064,1076,1077,1080,1100,1107,1118,1167,1181,1208,1297,1308,1312,1313,1321,1322,1327,1328,1335,1337,1379,1402,1431,1467,1468,1469,1472,1479,1486,1489,1511,1517,1521,1557,1558,1602,1606,1616,1622,1623,1626,1636,1640,1641,1649,1656,1687,1703,1704,1714,1723,1748,1750,1760,1791,1796,1848,1862,1890,1895,1921,1923,1926,1927,1937,1941,1985,2000,2021,2031,2045,2049,2076,2081,2094,2101,2111,2144,2145,2169,2194,2211,2213,2217,2244,2249,2288,2292,2306,2308,2319,2327,2329,2330,2335,2377,2381,2385,2393,2394,2407,2411,2423,2435,2445,2448,2450,2470,2471,2480,2497,2515,2527,2531,2532,2559,2562,2569,2570,2573,2604,2606,2619,2629,2657,2687,2698,2709,2711,2712,2723,2737,2751,2754,2775,2791,2799,2801,2810,2814,2820,2831,2872,2878,2887,2934,2945,2948,2963,2982,3016,3023,3044,3056,3077,3109,3125,3156,3160,3161,3183,3191,3200,3212,3216,3217,3223,3238,3255,3269,3276,3287,3315,3385,3388,3391,3392,3393,3432,3453,3462,3483,3488,3529,3531,3541,3545,3556,3563,3573,3578,3602,3611,3618,3619,3635,3638,3647,3686,3702,3703,3707,3715,3730,3732,3733,3753,3806,3817,3823,3845,3860,3881,3886,3900,3904,3922,3943,3944,3949,3969,3972,3989,4018,4027,4030,4045,4050,4061,4090,4122,4124,4150,4166,4194,4196,4198,4199,4201,4206,4215,4218,4224,4226,4286,4290,4292,4319,4320,4336,4342,4343,4344,4346,4372,4373,4382,4383,4396,4404,4413,4423,4430,4433,4435,4451,4453,4492,4497,4504,4514,4525,4530,4534,4542,4546,4562,4568,4569,4578,4610,4613,4631,4656,4666,4714,4723,4729,4762,4783,4815,4821,4829,4836,4837,4840,4842,4844,4850,4852,4873,4878,4882,4897,4898,4899,4902,4916,4941,4946,4948,4949,4983,4993,4994,5004,5018,5019,5031,5032,5033,5048,5049,5057,5089,5090,5092,5094,5115,5133,5141,5142,5147,5150,5152,5179,5181,5199,5210,5230,5241,5265,5268,5276,5292,5301,5327,5329,5350,5355,5356,5361,5388,5392,5401,5405,5412,5426,5445,5470,5483,5493,5496,5499,5503,5514,5527,5554,5565,5636,5649,5652,5657,5673,5687,5690,5700,5707,5722,5738,5743,5754,5761,5773,5779,5794,5795,5803,5806,5814,5823,5824,5836,5843,5849,5858,5863,5883,5900,5909,5926,5928,5934,5935,5937,5957,5958,5961,5962,5983,5985,6019,6027,6040,6063,6070,6071,6074,6087,6093,6110,6123,6128,6134,6147,6159,6172,6210,6248,6250,6252,6256,6257,6263,6316,6318,6326,6332,6341,6356,6364,6370,6387,6399,6411,6416,6432,6445,6447,6490,6515,6521,6535,6540,6545,6565,6574,6575,6592,6600,6608,6620,6626,6630,6632,6640,6653,6659,6663,6670,6673,6688,6709,6713,6726,6728,6732,6751,6759,6766,6767,6769,6771,6783,6785,6786,6790,6793,6796,6818,6838,6857,6858,6881,6882,6892,6894,6897,6898,6906,6915,6930,6946,6947,6951,6956,6968,6972,6977,6988,7044,7045,7048,7053,7056,7057,7059,7075,7076,7086,7094,7096,7097,7128,7138,7144,7147,7169,7171,7180,7184,7185,7213,7220,7238,7244,7256,7259,7262,7269,7284,7288,7289,7296,7297,7301,7307,7321,7336,7342,7348,7356,7377,7378,7380,7388,7392,7399,7401,7412,7415,7435,7436,7441,7459,7465,7466,7478,7479,7484,7486,7488,7503,7514,7523,7538,7539,7540,7555,7556,7565,7568,7578,7583,7606,7608,7614,7648,7699,7700,7705,7708,7715,7718,7719,7730,7732,7741,7757,7774,7777,7804,7809,7814,7863,7869,7878,7882,7888,7901,7915,7917,7954,7977,7996,7998,8011,8016,8024,8026,8031,8067,8068,8085,8118,8121,8132,8137,8164,8165,8167,8175,8197,8198,8200,8201,8203,8205,8225,8227,8232,8233,8245,8259,8299,8322,8325,8326,8327,8329,8332,8340,8345,8350,8353,8354,8356,8357,8378,8383,8387,8391,8406,8417,8422,8423,8425,8435,8437,8444,8446,8451,8452,8456,8492,8496,8533,8543,8545,8546,8547,8554,8558,8561,8564,8569,8595,8619,8639,8640,8648,8661,8669,8685,8689,8698,8707,8724,8733,8737,8753,8786,8805,8821,8830,8842,8843,8847,8848,8849,8855,8907,8929,8931,8935,8947,8949,8968,8975,8981,9005,9041,9043,9046,9048,9050,9083,9091,9133,9135,9138,9150,9160,9162,9192,9194,9200,9210,9214,9219,9249,9282,9284,9285,9287,9296,9301,9303,9307,9316,9323,9339,9355,9357,9361,9406,9425,9437,9465,9471,9482,9514,9516,9542,9555,9563,9594,9628,9643,9686,9695,9700,9702,9715,9731,9735,9741,9747,9760,9761,9766,9788,9789,9790,9791,9794,9801,9823,9825,9838,9848,9853,9858,9866,9872,9924,9930,9931,9938,9940,9941,9946,9948,9968,9978,9982,9987,10035,10055,10056,10057,10064,10070,10083,10106,10109,10111,10116,10131,10137,10149,10158,10159,10167,10170,10177,10183,10190,10202,10229,10231,10276,10281,10297,10298,10312,10315,10331,10334,10335,10344,10345,10352,10372,10391,10395,10403,10404,10405,10422,10448,10451,10475,10483,10493,10506,10521,10523,10557,10569,10582,10600,10625,10644,10645,10647,10664,10674,10705,10716,10719,10730,10734,10748,10749,10750,10752,10764,10776,10781,10792,10816,10847,10857,10872,10886,10896,10902,10905,10929,10945,10991,10999,11030,11034,11035,11037,11039,11041,11042,11044,11050,11059,11072,11089,11096,11131,11142,11158,11163,11174,11187,11192,11197,11201,11225,11233,11238,11255,11262,11263,11268,11272,11277,11278,11315,11331,11337,11345,11346,11367,11370,11384,11405,11411,11412,11416,
/
36

/
37
3798,
/
38

/
39
743,909,1702,4051,4513,8295,8750,9054,10308,10309,11131,
/
40
330,733,863,1783,2744,2746,3334,3802,6662,8397,9364,9482,9483,9624,10112,10270,10566,11119,11238,11240,
/
41

/
42
218,263,413,458,551,863,1100,1181,1460,1472,1554,1594,1649,1713,1994,2069,2084,2094,2174,2228,2311,2327,2423,2427,2450,2455,2818,2886,2915,2977,3166,3196,3253,3289,3291,3372,3426,3628,3634,3714,3719,3733,3765,3924,3943,3977,4002,4062,4063,4078,4086,4092,4104,4309,4314,4448,4461,4524,4619,4810,4837,4921,4934,4944,4959,4976,5018,5019,5053,5137,5150,5175,5236,5386,5430,5443,5444,5496,5581,5630,5669,5686,5689,5759,5785,5833,5839,5841,5940,6031,6045,6117,6147,6219,6232,6265,6336,6343,6354,6424,6514,6515,6539,6550,6893,6897,6953,6988,7072,7109,7184,7256,7348,7380,7395,7490,7501,7789,7820,7839,8101,8132,8201,8231,8251,8326,8332,8334,8357,8422,8525,8777,8808,8833,8949,9187,9194,9261,9307,9765,9773,9790,9824,9850,9871,9928,9940,10022,10035,10104,10154,10183,10325,10365,10475,10478,10493,10611,11042,11078,11314,11325,11326,
/
43

/
44
132,143,263,400,502,504,584,632,637,784,933,981,1016,1049,1138,1206,1273,1345,1436,1593,1713,1732,1733,1961,2030,2041,2047,2167,2261,2301,2302,2394,2435,2551,2587,2589,2672,2817,2818,2833,2878,2899,2917,2928,2937,3040,3051,3064,3133,3139,3140,3143,3284,3339,3356,3389,3462,3465,3527,3579,3595,3911,3987,4062,4167,4184,4200,4268,4348,4356,4379,4385,4409,4410,4525,4536,4547,4585,4679,4744,4838,4855,4908,4916,4917,5029,5109,5150,5210,5262,5383,5414,5430,5456,5630,5729,5834,5916,5950,6054,6130,6189,6220,6225,6320,6422,6429,6449,6462,6510,6512,6579,6906,6951,6953,6977,6987,7151,7650,7699,7740,7760,7775,7776,7855,7859,7892,7978,7984,8198,8204,8222,8248,8343,8348,8356,8425,8436,8465,8640,8641,8674,8838,8947,8948,9028,9048,9064,9134,9162,9326,9380,9532,9536,9644,9748,9761,9772,9789,9827,9926,9928,9945,9982,10011,10018,10029,10044,10150,10159,10165,10261,10441,10560,10562,10604,10734,10821,10865,11005,11056,11163,11184,11256,11404,11423,
/
45

/
46

/
47

/
48
1080,1934,2178,3485,3530,3627,3755,4452,5273,6859,9167,9858,9878,10024,
/
49
141,170,420,536,790,833,1159,1164,2024,2336,2582,2952,3288,3609,3631,3637,3856,3863,3870,4061,4100,4208,4442,4444,4453,4594,4595,4602,5180,5451,5475,5477,5625,5871,5950,6090,6148,6404,6452,6519,6527,6856,6991,7075,7470,7759,7818,7988,8026,8192,8640,8830,8962,9070,9403,9507,9668,9698,9808,10498,11059,11066,11098,
/
50
130,290,437,671,771,920,1077,1186,1192,1583,1627,1638,1709,1744,1954,2082,2289,2324,2361,3031,3043,3154,3203,3207,3406,3496,3530,3594,3835,3854,3880,3961,4176,4190,4559,4593,4624,4642,4749,4860,4912,4930,4972,5049,5141,5150,5226,5367,5514,5585,5586,5683,5727,5728,5729,5863,6081,6096,6103,6246,6248,6285,6381,6447,6462,6602,6604,6651,6677,6714,6715,6716,6761,6762,6763,6766,6784,6788,6789,6790,6811,6859,6884,6952,6955,7070,7074,7116,7194,7249,7295,7298,7300,7351,7370,7409,7585,7588,7655,7656,7678,7687,7724,7738,7765,7766,7835,7870,7997,8016,8021,8025,8042,8049,8208,8304,8326,8419,8524,8570,8571,8595,9202,9705,9763,9766,9774,9797,9803,9807,9853,9858,9871,9951,9965,9968,10025,10153,10317,10347,10778,10786,11035,
/
51

/
52

/
53

/
54

/
55

/
56

/
57

/
58
26,788,919,1584,2072,2171,2489,4013,4414,4617,4727,5026,5162,5536,6257,6332,6709,7067,7342,7492,7760,8132,8197,8520,8640,9558,9571,9966,11164,
/
59

/
60
6090,
/
61

/
62
5,2697,3281,3610,4711,8341,8426,8806,8962,9064,10355,10357,11322,
/
63
9698,9883,9951,
/
64
2,3,7,14,28,31,59,61,62,68,73,75,85,95,100,102,106,109,110,114,118,121,122,140,143,148,177,186,188,189,190,191,192,195,204,205,207,212,220,228,232,241,242,264,267,294,297,308,314,315,318,353,359,366,367,368,371,376,379,381,392,396,407,415,445,446,447,450,451,455,458,468,481,488,489,493,506,551,552,555,571,577,584,601,604,613,616,619,644,684,688,691,695,697,701,706,708,714,715,724,725,743,749,750,751,753,754,755,758,759,760,771,821,823,824,829,831,832,851,852,864,868,891,893,895,896,897,901,903,904,924,951,971,981,982,983,984,985,986,994,1023,1026,1027,1028,1038,1039,1040,1046,1059,1063,1095,1096,1097,1098,1101,1103,1104,1114,1129,1138,1140,1144,1157,1166,1199,1210,1212,1214,1216,1217,1220,1222,1225,1234,1241,1246,1263,1272,1278,1280,1281,1283,1284,1308,1326,1343,1344,1355,1357,1358,1359,1360,1361,1382,1404,1406,1414,1415,1417,1418,1419,1420,1421,1423,1424,1426,1431,1448,1456,1490,1497,1504,1508,1510,1511,1512,1513,1514,1518,1533,1536,1552,1557,1566,1577,1586,1587,1594,1595,1605,1639,1643,1644,1645,1646,1649,1657,1660,1671,1686,1687,1689,1695,1713,1719,1755,1760,1761,1763,1764,1766,1772,1781,1782,1785,1792,1802,1814,1815,1831,1834,1854,1868,1877,1881,1882,1883,1884,1886,1897,1900,1909,1918,1923,1924,1927,1937,1943,1971,1992,1996,2001,2006,2010,2016,2036,2037,2048,2052,2060,2067,2098,2101,2136,2138,2140,2145,2146,2149,2157,2161,2164,2186,2189,2214,2215,2223,2228,2229,2230,2231,2233,2234,2237,2241,2248,2251,2252,2265,2266,2274,2279,2297,2299,2355,2358,2359,2360,2363,2372,2375,2376,2377,2378,2385,2391,2409,2411,2417,2427,2429,2430,2431,2440,2453,2473,2477,2478,2479,2480,2481,2482,2517,2524,2528,2538,2547,2555,2592,2598,2600,2602,2613,2616,2620,2630,2654,2656,2662,2685,2688,2720,2722,2724,2725,2726,2727,2729,2731,2736,2744,2761,2765,2768,2774,2775,2795,2803,2839,2841,2842,2846,2851,2858,2872,2885,2906,2907,2909,2915,2933,2942,2986,2987,2988,2989,3021,3022,3030,3039,3052,3055,3084,3088,3090,3091,3095,3102,3104,3111,3120,3125,3138,3139,3199,3202,3204,3206,3207,3208,3209,3211,3212,3236,3237,3241,3243,3249,3303,3308,3309,3310,3311,3312,3313,3314,3318,3319,3320,3326,3336,3338,3373,3382,3385,3386,3416,3422,3423,3429,3448,3454,3456,3460,3461,3464,3480,3481,3519,3523,3538,3539,3540,3541,3542,3543,3546,3572,3575,3582,3583,3594,3596,3598,3643,3663,3667,3669,3670,3671,3672,3689,3690,3691,3692,3693,3694,3719,3730,3762,3768,3774,3781,3782,3794,3796,3813,3815,3821,3822,3823,3828,3871,3875,3884,3886,3890,3892,3894,3896,3897,3899,3905,3912,3923,3924,3943,3944,3946,3949,3993,3995,3996,3997,3998,3999,4000,4001,4002,4025,4045,4046,4054,4055,4056,4057,4062,4063,4064,4069,4115,4116,4119,4125,4164,4165,4190,4195,4229,4230,4234,4235,4236,4239,4252,4261,4270,4274,4284,4285,4314,4315,4322,4362,4363,4365,4366,4368,4369,4370,4375,4394,4400,4402,4403,4408,4418,4419,4428,4458,4464,4465,4466,4467,4470,4471,4473,4475,4476,4477,4478,4479,4481,4497,4504,4510,4520,4522,4523,4535,4552,4555,4556,4559,4561,4562,4568,4570,4574,4583,4584,4594,4595,4597,4598,4608,4633,4638,4640,4642,4643,4644,4645,4646,4647,4648,4655,4665,4669,4670,4677,4695,4706,4709,4710,4712,4728,4733,4751,4752,4755,4756,4757,4758,4759,4760,4789,4790,4792,4794,4796,4808,4810,4854,4855,4856,4858,4869,4877,4878,4888,4894,4902,4903,4904,4914,4921,4935,4966,4967,4970,4974,4975,4978,4982,4992,4993,4995,5009,5011,5015,5017,5018,5019,5022,5063,5064,5065,5067,5069,5070,5082,5084,5093,5104,5106,5107,5108,5115,5121,5131,5132,5136,5140,5159,5182,5184,5185,5186,5187,5191,5192,5193,5195,5196,5199,5213,5214,5229,5231,5236,5241,5261,5263,5282,5283,5288,5290,5291,5292,5293,5294,5295,5301,5302,5304,5306,5312,5322,5332,5343,5344,5366,5373,5376,5379,5382,5387,5405,5407,5410,5411,5426,5429,5443,5444,5454,5456,5457,5497,5498,5499,5501,5506,5507,5508,5514,5525,5529,5530,5531,5535,5547,5550,5584,5587,5588,5589,5606,5607,5608,5614,5629,5680,5681,5683,5687,5690,5698,5713,5716,5732,5736,5746,5761,5762,5771,5776,5778,5779,5783,5784,5785,5786,5787,5788,5791,5792,5796,5809,5831,5832,5835,5836,5861,5869,5889,5893,5895,5896,5898,5900,5902,5904,5906,5910,5914,5915,5917,5920,5940,5941,5942,5943,6006,6017,6019,6030,6032,6035,6042,6045,6052,6055,6063,6086,6108,6112,6113,6114,6115,6117,6128,6129,6130,6134,6144,6179,6181,6183,6184,6186,6187,6188,6189,6190,6193,6196,6198,6207,6209,6219,6247,6259,6266,6279,6281,6282,6285,6288,6290,6294,6298,6303,6321,6326,6328,6336,6374,6380,6383,6385,6386,6392,6400,6402,6421,6425,6434,6468,6469,6471,6472,6473,6474,6477,6490,6496,6501,6512,6514,6521,6524,6546,6556,6558,6562,6565,6566,6567,6568,6570,6571,6572,6578,6594,6600,6609,6613,6641,6642,6643,6649,6690,6693,6725,6726,6727,6728,6729,6730,6731,6732,6733,6738,6754,6756,6780,6785,6823,6826,6829,6830,6840,6848,6852,6872,6879,6891,6896,6916,6917,6918,6919,6922,6925,6927,6930,6931,6934,6948,6964,7006,7007,7008,7009,7010,7011,7012,7017,7023,7031,7035,7050,7055,7056,7059,7090,7108,7110,7115,7120,7129,7130,7131,7134,7160,7183,7189,7201,7203,7204,7206,7207,7208,7209,7211,7212,7214,7224,7239,7241,7243,7285,7287,7305,7306,7310,7312,7313,7315,7321,7324,7325,7330,7370,7405,7410,7417,7427,7430,7433,7434,7435,7437,7438,7475,7476,7493,7508,7509,7510,7533,7555,7581,7602,7603,7625,7627,7634,7635,7644,7651,7707,7723,7728,7729,7738,7739,7740,7741,7747,7750,7757,7766,7778,7794,7811,7831,7835,7836,7837,7838,7839,7840,7844,7855,7858,7859,7860,7879,7903,7925,7928,7929,7934,7936,7940,7967,7972,8017,8034,8036,8039,8047,8048,8052,8053,8099,8101,8132,8146,8151,8157,8158,8159,8161,8165,8175,8179,8185,8188,8216,8253,8256,8266,8305,8306,8333,8361,8367,8370,8372,8373,8374,8375,8377,8378,8382,8386,8388,8389,8396,8420,8421,8431,8442,8474,8476,8477,8479,8483,8484,8485,8510,8513,8523,8525,8542,8559,8576,8581,8584,8587,8589,8591,8592,8593,8594,8595,8597,8599,8623,8627,8691,8694,8697,8698,8699,8700,8701,8707,8713,8720,8721,8731,8732,8734,8745,8748,8769,8770,8772,8775,8777,8778,8779,8780,8782,8783,8784,8785,8786,8787,8788,8791,8796,8851,8852,8861,8863,8864,8865,8866,8867,8883,8884,8899,8905,8907,8908,8923,8924,8926,8929,8931,8932,8981,8982,8985,8986,8988,8990,8992,8994,9025,9033,9038,9040,9041,9042,9043,9048,9080,9088,9094,9100,9101,9102,9107,9108,9109,9115,9118,9120,9121,9156,9171,9202,9203,9205,9207,9208,9209,9210,9233,9239,9244,9254,9256,9257,9258,9261,9263,9265,9266,9270,9292,9318,9319,9323,9325,9328,9329,9330,9339,9362,9363,9376,9380,9381,9385,9390,9400,9445,9448,9449,9452,9454,9468,9474,9481,9497,9501,9502,9509,9513,9532,9535,9584,9585,9587,9588,9590,9591,9592,9594,9595,9596,9615,9626,9635,9641,9643,9647,9648,9652,9660,9665,9667,9669,9718,9720,9721,9722,9723,9724,9727,9742,9747,9749,9750,9751,9763,9769,9770,9772,9792,9829,9830,9831,9837,9845,9855,9880,9882,9883,9887,9888,9889,9890,9901,9905,9911,9913,9919,9923,9926,9932,9973,9974,9975,9977,9978,9980,9982,9984,9989,9992,10013,10014,10017,10018,10026,10060,10061,10071,10074,10075,10087,10089,10090,10109,10126,10153,10221,10223,10224,10225,10226,10227,10234,10267,10274,10275,10287,10290,10291,10296,10298,10309,10381,10383,10386,10387,10388,10389,10391,10392,10393,10395,10396,10418,10419,10434,10445,10451,10486,10499,10520,10521,10522,10533,10543,10545,10546,10570,10588,10592,10593,10600,10646,10647,10648,10649,10651,10652,10663,10664,10665,10680,10682,10704,10705,10706,10713,10716,10718,10723,10758,10777,10782,10784,10785,10787,10790,10792,10795,10796,10798,10834,10850,10851,10852,10857,10858,10860,10861,10862,10907,10908,10911,10912,10914,10917,10924,10927,10928,10932,10946,10950,10969,10970,10984,10987,10993,10997,11003,11004,11006,11025,11026,11073,11078,11080,11081,11082,11083,11084,11090,11097,11098,11107,11108,11119,11141,11144,11153,11156,11161,11168,11179,11191,11201,11208,11210,11213,11215,11239,11242,11243,11244,11251,11259,11260,11261,11262,11263,11265,11267,11269,11270,11274,11276,11289,11342,11345,11346,11349,11352,11353,11384,11394,11405,11408,11416,11421,11422,
/
65
265,296,562,1976,2240,2561,3414,3424,3690,3785,4421,4457,4815,5039,5131,5157,5301,5470,5738,5811,6340,6352,6764,6783,6817,6875,6956,7078,7173,7280,7284,7468,7560,7689,7873,8118,8530,9180,9857,9942,10030,
/
66

/
67
23,53,55,63,66,67,73,84,89,90,91,92,93,94,95,100,118,119,121,141,142,152,167,175,187,192,194,196,198,199,200,202,207,217,227,229,243,246,283,284,293,299,300,301,303,304,305,306,307,312,313,314,315,334,342,344,346,353,361,372,390,391,437,446,447,449,457,458,459,467,468,477,480,482,488,496,506,519,537,544,547,551,552,554,556,558,562,563,571,572,581,589,590,593,596,597,604,608,616,617,668,671,673,683,688,693,695,696,699,704,715,718,721,725,728,730,735,736,737,738,739,742,743,745,768,804,811,821,831,833,835,836,837,840,841,842,848,849,850,853,854,855,867,873,876,893,900,904,914,917,918,931,971,974,975,976,980,991,1003,1004,1005,1013,1024,1027,1040,1046,1083,1096,1107,1113,1122,1125,1126,1131,1132,1211,1212,1213,1215,1217,1218,1221,1222,1223,1226,1227,1229,1233,1237,1238,1239,1254,1257,1258,1263,1264,1265,1266,1275,1276,1286,1296,1352,1355,1360,1362,1367,1368,1371,1373,1374,1379,1380,1400,1401,1406,1407,1408,1439,1481,1503,1505,1507,1508,1513,1518,1519,1521,1523,1526,1533,1536,1538,1539,1558,1564,1571,1572,1573,1580,1583,1644,1651,1652,1656,1660,1661,1669,1673,1681,1687,1694,1695,1698,1744,1756,1758,1760,1764,1765,1766,1767,1772,1775,1777,1784,1792,1799,1800,1810,1820,1858,1874,1876,1879,1880,1881,1882,1886,1890,1894,1895,1901,1902,1908,1910,1913,1931,1935,1980,1986,1995,1996,1997,2000,2001,2002,2004,2010,2015,2023,2029,2036,2038,2089,2093,2096,2099,2112,2122,2123,2124,2128,2140,2152,2161,2204,2225,2227,2229,2234,2236,2237,2240,2245,2249,2255,2257,2280,2304,2345,2355,2356,2358,2359,2361,2362,2367,2371,2372,2378,2389,2397,2399,2407,2416,2466,2467,2477,2481,2483,2493,2494,2505,2506,2515,2530,2579,2592,2594,2595,2597,2609,2611,2614,2632,2633,2640,2659,2661,2709,2711,2717,2726,2731,2736,2747,2758,2778,2826,2827,2833,2834,2837,2838,2842,2843,2845,2846,2847,2848,2849,2853,2860,2864,2865,2870,2871,2872,2875,2883,2885,2895,2914,2918,2968,2987,2989,2995,2998,2999,3013,3014,3022,3039,3058,3080,3082,3095,3101,3115,3124,3132,3141,3156,3201,3212,3215,3217,3218,3236,3278,3303,3320,3321,3322,3323,3324,3325,3326,3328,3332,3427,3429,3430,3432,3433,3442,3444,3445,3459,3465,3482,3507,3534,3538,3541,3542,3543,3544,3546,3547,3551,3569,3571,3574,3575,3581,3584,3606,3649,3658,3659,3660,3662,3666,3672,3673,3674,3676,3678,3682,3686,3688,3689,3693,3698,3702,3715,3722,3767,3772,3774,3777,3779,3780,3781,3782,3784,3785,3796,3812,3822,3825,3883,3888,3889,3900,3901,3903,3905,3906,3912,3933,3963,3991,3999,4002,4005,4008,4011,4012,4013,4019,4030,4032,4033,4035,4045,4048,4064,4071,4101,4110,4119,4120,4121,4122,4123,4124,4129,4138,4148,4153,4158,4161,4217,4218,4219,4229,4232,4233,4235,4242,4251,4252,4253,4255,4262,4306,4323,4361,4362,4363,4365,4368,4369,4372,4374,4376,4377,4380,4382,4392,4394,4401,4410,4425,4433,4457,4460,4462,4465,4466,4472,4475,4478,4484,4486,4487,4489,4498,4499,4501,4508,4510,4514,4515,4536,4553,4559,4560,4565,4567,4572,4573,4607,4643,4644,4645,4652,4660,4682,4683,4684,4710,4719,4749,4750,4752,4761,4768,4769,4770,4773,4776,4777,4790,4794,4796,4801,4816,4821,4835,4851,4854,4855,4860,4862,4863,4883,4902,4903,4908,4929,4968,4971,4974,4975,4978,4980,4981,4985,5011,5022,5060,5067,5071,5072,5074,5077,5086,5096,5101,5121,5144,5182,5183,5187,5188,5194,5196,5197,5200,5202,5222,5224,5225,5226,5279,5280,5281,5283,5286,5289,5293,5298,5299,5300,5303,5305,5306,5321,5360,5372,5378,5380,5382,5387,5391,5399,5400,5438,5471,5481,5483,5497,5498,5503,5504,5505,5506,5508,5509,5510,5511,5514,5516,5533,5537,5546,5576,5580,5582,5587,5588,5590,5591,5603,5604,5606,5609,5615,5616,5623,5641,5683,5693,5696,5697,5707,5726,5746,5774,5780,5781,5782,5783,5785,5786,5789,5790,5793,5795,5796,5816,5850,5851,5893,5898,5900,5904,5908,5910,5911,5913,5915,5917,5922,5923,5924,5932,5934,5938,5939,5948,5953,5962,5987,5996,5997,5999,6006,6007,6008,6009,6011,6013,6014,6015,6027,6038,6049,6063,6083,6104,6108,6113,6116,6126,6130,6162,6167,6177,6178,6180,6191,6194,6195,6199,6203,6205,6207,6209,6211,6212,6218,6221,6243,6266,6278,6280,6284,6285,6292,6293,6294,6315,6320,6340,6368,6371,6378,6379,6380,6381,6383,6385,6388,6392,6393,6395,6402,6403,6408,6413,6431,6442,6464,6470,6473,6474,6476,6477,6478,6482,6483,6484,6490,6493,6501,6502,6505,6514,6521,6525,6535,6557,6558,6563,6565,6566,6574,6575,6580,6585,6586,6588,6593,6598,6640,6641,6642,6645,6649,6650,6653,6662,6669,6673,6716,6720,6721,6723,6724,6725,6730,6732,6746,6756,6828,6833,6837,6890,6912,6921,6924,6930,6931,6933,6936,6938,6977,6996,6997,6998,6999,7001,7009,7012,7015,7016,7017,7020,7021,7022,7024,7026,7029,7038,7040,7041,7044,7045,7058,7061,7062,7065,7082,7095,7116,7120,7121,7123,7124,7125,7127,7129,7131,7135,7136,7138,7139,7141,7145,7150,7153,7166,7174,7200,7206,7207,7208,7210,7211,7215,7216,7218,7229,7239,7253,7292,7306,7307,7308,7309,7315,7317,7319,7320,7321,7323,7327,7329,7335,7399,7404,7409,7413,7414,7415,7416,7417,7426,7427,7442,7443,7444,7445,7446,7472,7483,7501,7512,7513,7514,7515,7516,7519,7533,7538,7544,7553,7579,7591,7597,7598,7599,7603,7605,7606,7615,7617,7626,7631,7637,7679,7720,7726,7728,7732,7734,7738,7739,7741,7750,7767,7778,7791,7808,7810,7811,7828,7830,7831,7834,7837,7839,7840,7841,7843,7850,7854,7867,7869,7895,7920,7921,7923,7924,7934,7936,7939,7941,7951,7953,7954,7971,8031,8032,8034,8035,8036,8037,8038,8048,8052,8053,8055,8056,8061,8062,8063,8066,8073,8079,8085,8092,8105,8111,8112,8127,8147,8148,8149,8156,8161,8163,8164,8166,8177,8180,8220,8221,8268,8269,8273,8277,8282,8293,8294,8295,8305,8310,8358,8360,8362,8363,8364,8369,8373,8375,8381,8382,8384,8386,8387,8397,8404,8409,8416,8433,8442,8480,8482,8484,8487,8491,8492,8493,8494,8497,8513,8516,8518,8519,8542,8550,8576,8579,8584,8587,8588,8590,8593,8597,8598,8602,8603,8606,8617,8619,8621,8622,8623,8624,8637,8691,8692,8694,8695,8697,8699,8702,8704,8705,8706,8711,8712,8714,8716,8720,8721,8724,8734,8735,8741,8743,8749,8754,8755,8756,8760,8768,8789,8792,8793,8846,8861,8863,8868,8874,8877,8880,8884,8885,8887,8904,8905,8906,8910,8911,8912,8913,8917,8939,8942,8969,8972,8981,8982,8989,8999,9010,9011,9018,9024,9053,9054,9055,9068,9084,9100,9102,9105,9108,9109,9110,9115,9119,9122,9128,9131,9135,9136,9137,9138,9145,9154,9157,9196,9203,9208,9210,9211,9219,9226,9230,9235,9240,9243,9246,9247,9253,9257,9262,9269,9275,9292,9309,9310,9321,9323,9332,9334,9337,9338,9341,9371,9372,9373,9377,9382,9384,9388,9392,9406,9427,9447,9451,9455,9457,9458,9462,9465,9470,9473,9479,9480,9481,9486,9489,9490,9504,9511,9521,9572,9585,9589,9591,9596,9597,9598,9600,9603,9619,9620,9627,9628,9643,9652,9660,9673,9689,9693,9718,9721,9727,9728,9740,9741,9749,9792,9812,9822,9825,9831,9833,9834,9835,9836,9846,9848,9849,9863,9877,9882,9883,9886,9899,9928,9930,9939,9953,9954,9967,9975,9980,9982,9985,9986,10003,10011,10068,10070,10077,10078,10086,10088,10097,10105,10107,10126,10140,10144,10145,10149,10154,10201,10232,10234,10235,10239,10242,10245,10250,10255,10257,10258,10270,10272,10276,10280,10281,10290,10292,10304,10309,10316,10338,10367,10368,10381,10384,10387,10389,10391,10393,10394,10398,10403,10404,10405,10406,10409,10418,10425,10426,10427,10435,10451,10455,10461,10473,10481,10517,10518,10520,10522,10533,10534,10545,10556,10566,10569,10571,10574,10583,10587,10649,10650,10651,10654,10655,10662,10663,10664,10668,10680,10681,10682,10686,10691,10693,10719,10723,10747,10771,10784,10786,10789,10790,10791,10792,10793,10794,10805,10812,10813,10832,10834,10835,10836,10850,10851,10855,10869,10872,10895,10900,10906,10913,10914,10917,10920,10927,10928,10930,10936,10946,10947,10948,10950,10966,10979,10981,10994,11006,11009,11015,11049,11054,11056,11057,11061,11064,11073,11074,11083,11084,11085,11086,11089,11090,11096,11107,11109,11120,11127,11129,11130,11131,11135,11139,11145,11146,11180,11197,11207,11209,11213,11215,11220,11228,11241,11244,11249,11250,11277,11279,11297,11316,11339,11340,11342,11345,11347,11348,11357,11359,11366,11381,11382,11386,11387,11388,11389,11391,11394,11403,
/
68
2308,5493,6461,7496,9965,
/
69

/
70
626,1744,1759,1791,2037,2113,3400,3820,5300,5377,6323,6366,6877,6882,7467,8894,9880,9919,11012,11076,11205,11352,
/
71
28,536,2036,2489,3633,4414,4453,4803,4924,5821,5880,6061,6263,6817,6947,7296,7484,7581,8026,8524,8556,8968,9537,9686,9806,9965,
/
72
34,114,165,172,413,439,518,529,536,541,543,643,676,781,785,807,820,917,958,1203,1310,1606,1607,1608,1615,1622,1724,1871,2060,2062,2067,2091,2188,2200,2213,2297,2343,2354,2701,2793,2796,2948,2952,3049,3056,3059,3246,3274,3365,3396,3418,3419,3514,3518,3519,3723,3763,3835,3845,3865,3866,3876,3988,4087,4108,4203,4224,4319,4415,4533,4538,4601,4628,4824,4834,4937,4952,4953,5023,5031,5043,5044,5052,5146,5171,5259,5267,5279,5356,5361,5376,5468,5490,5537,5570,5666,5672,5867,5879,5916,5989,6065,6066,6073,6096,6141,6147,6166,6363,6370,6417,6431,6435,6509,6549,6582,6617,6692,6773,6787,6789,6867,6884,6886,6969,6978,6980,6981,6990,7072,7092,7111,7158,7166,7169,7178,7190,7193,7194,7198,7268,7326,7372,7418,7465,7467,7469,7488,7553,7721,7723,7888,7892,7931,8011,8108,8120,8136,8148,8214,8222,8241,8313,8337,8353,8463,8557,8573,8685,8835,8849,8856,8961,8977,9092,9174,9178,9197,9425,9564,9576,9677,9681,9691,9708,9774,9805,9853,9859,9861,9939,9940,10063,10065,10202,10328,10358,10361,10512,10620,10622,10640,10780,10884,11059,11163,11175,11180,11304,11310,11313,11319,11331,
/
73
7580,
/
74
44,45,46,47,48,181,286,287,288,289,290,438,439,440,442,531,540,541,668,675,676,677,678,803,807,808,968,970,1087,1088,1091,1112,1200,1202,1203,1204,1205,1335,1341,1342,1343,1344,1491,1492,1493,1496,1497,1636,1637,1638,1639,1640,1754,1983,1984,2091,2213,2214,2215,2343,2344,2346,2373,2585,2586,2587,2651,2707,2711,2712,2791,2793,2812,2828,2829,3416,3531,3533,3647,3651,3668,3763,3875,3876,3942,3988,4108,4223,5356,8682,8683,8684,8685,8686,8832,8847,8849,8973,8974,8975,8976,8977,8978,9091,9092,9093,9094,9198,9312,9313,9314,9315,9316,9317,9318,9319,9424,9425,9435,9436,9437,9567,9569,9576,9577,9578,9579,9580,9702,10062,10063,10064,10066,10067,10202,10203,10205,10206,10207,10209,10210,10370,10371,10372,10373,10511,10513,10514,10638,10639,10640,10763,10774,10775,10776,10896,10897,10898,10899,10929,11030,11035,11059,11060,11061,11063,11188,11203,11204,11205,11206,11330,11331,11332,11333,11335,
/
75
2,9,22,32,34,61,112,154,156,173,183,263,272,275,280,286,400,413,416,417,419,423,425,439,493,524,554,566,648,676,682,701,708,782,784,787,807,813,815,927,933,934,935,944,946,952,1050,1052,1064,1076,1077,1080,1100,1107,1118,1167,1181,1208,1297,1308,1312,1313,1321,1322,1327,1328,1335,1337,1431,1467,1468,1469,1472,1479,1486,1489,1511,1517,1521,1602,1606,1616,1622,1623,1636,1640,1641,1649,1714,1723,1750,1760,1848,1862,1895,1923,1937,1941,1985,2045,2076,2081,2094,2101,2169,2194,2211,2213,2244,2288,2292,2306,2308,2319,2327,2329,2330,2335,2423,2435,2445,2448,2450,2470,2471,2480,2531,2559,2562,2569,2570,2573,2604,2619,2629,2687,2698,2709,2711,2791,2799,2801,2810,2814,2820,2831,2934,2945,2948,2963,2982,3044,3056,3077,3109,3125,3156,3160,3161,3183,3216,3217,3223,3255,3269,3276,3287,3315,3388,3391,3392,3393,3462,3483,3488,3529,3531,3541,3545,3573,3602,3611,3618,3619,3635,3638,3647,3707,3715,3730,3732,3733,3753,3845,3860,3881,3900,3904,3943,3949,3969,3972,3989,4045,4061,4090,4122,4194,4196,4198,4199,4201,4206,4215,4218,4224,4226,4286,4292,4319,4320,4336,4342,4343,4344,4346,4372,4373,4413,4423,4430,4433,4435,4451,4453,4492,4525,4530,4534,4542,4546,4568,4569,4610,4613,4631,4656,4666,4714,4723,4729,4762,4815,4821,4829,4836,4837,4840,4842,4844,4850,4852,4878,4898,4916,4941,4946,4949,5018,5019,5031,5032,5033,5048,5049,5057,5133,5141,5142,5147,5150,5152,5179,5181,5210,5230,5265,5268,5276,5292,5327,5350,5355,5356,5361,5405,5412,5426,5445,5470,5483,5493,5496,5499,5503,5527,5554,5565,5636,5649,5652,5657,5673,5690,5722,5738,5743,5754,5761,5773,5779,5803,5823,5824,5836,5843,5849,5858,5863,5883,5909,5934,5957,5958,5961,5962,5985,6019,6040,6070,6071,6074,6087,6093,6128,6147,6159,6172,6248,6250,6252,6256,6257,6263,6332,6341,6356,6364,6370,6411,6416,6445,6447,6490,6515,6521,6535,6540,6545,6565,6600,6620,6626,6630,6632,6640,6670,6673,6688,6709,6713,6732,6759,6766,6767,6769,6771,6783,6785,6786,6790,6793,6796,6818,6838,6857,6858,6881,6882,6894,6898,6915,6946,6947,6951,6956,6968,6972,6977,6988,7044,7076,7086,7094,7096,7097,7128,7171,7180,7184,7185,7213,7220,7256,7259,7262,7269,7284,7288,7289,7296,7297,7321,7342,7348,7356,7377,7378,7380,7392,7399,7401,7412,7415,7435,7459,7465,7466,7479,7484,7486,7488,7503,7539,7540,7555,7556,7565,7568,7578,7583,7648,7699,7700,7705,7708,7715,7718,7719,7730,7741,7757,7777,7804,7809,7814,7878,7882,7888,7901,7915,7917,7996,7998,8011,8016,8024,8026,8031,8118,8121,8137,8165,8167,8175,8197,8198,8200,8201,8203,8205,8225,8227,8232,8233,8245,8259,8299,8322,8325,8326,8327,8329,8332,8340,8350,8353,8354,8356,8357,8383,8387,8391,8422,8423,8425,8435,8444,8446,8451,8452,8456,8496,8543,8545,8546,8547,8554,8558,8561,8564,8569,8595,8639,8640,8648,8661,8685,8689,8698,8707,8724,8753,8786,8805,8821,8830,8842,8843,8847,8848,8849,8855,8947,8949,8968,8975,8981,9005,9046,9083,9091,9162,9192,9194,9200,9210,9282,9284,9285,9287,9296,9301,9303,9307,9316,9323,9355,9406,9425,9465,9471,9482,9542,9555,9563,9686,9695,9700,9702,9731,9760,9761,9766,9788,9789,9790,9791,9801,9823,9825,9853,9858,9872,9930,9931,9938,9940,9941,9946,9948,9968,9978,10035,10055,10056,10057,10064,10137,10149,10158,10159,10167,10170,10177,10183,10190,10202,10229,10231,10312,10315,10331,10334,10335,10344,10345,10352,10372,10391,10403,10404,10405,10475,10483,10493,10506,10521,10523,10625,10644,10645,10647,10664,10674,10705,10716,10730,10748,10749,10750,10752,10764,10776,10781,10857,10872,10886,10896,10902,10905,10929,10945,11030,11034,11035,11037,11039,11041,11042,11044,11050,11059,11072,11089,11096,11163,11187,11192,11197,11201,11233,11315,11331,11337,11345,11346,11370,11384,11405,
/
76
134,165,1053,1481,1486,1584,1619,2322,2782,2982,2983,3186,3251,3629,3756,4182,4630,5259,5646,6815,6816,7580,7674,8460,8834,9193,9429,9434,9580,10287,10319,10473,10491,10767,
/
77

/
78

/
79

/
80

/
81

/
82
6416,11042,
/
83

/
84
129,1735,1838,2167,2168,4186,4414,5229,5736,6051,6332,6422,6601,6858,6866,6948,7180,7342,7775,7777,8093,8197,8198,8948,8959,9064,9161,9935,11164,
/
85

/
86
8025,
/
87

/
88

/
89
509,794,810,944,1074,1090,1161,2694,2713,8678,9078,9079,9299,9300,9302,9320,9440,9569,9663,10046,10047,10051,10155,10176,10184,10185,10212,10215,10318,10326,10343,10344,10350,10351,10353,10372,10376,10469,10479,10493,10495,10496,10516,10616,10737,10760,10763,10776,10778,10889,10892,10901,10902,11022,11178,11194,11206,11291,11301,11336,
/
90

/
91
1992,3554,3719,4643,4751,5082,5279,5514,6581,7603,7687,8052,8067,8158,8385,8862,9009,9485,10240,
/
92
638,4361,5060,5082,5144,5295,6026,7116,7118,7145,7923,
/
93

/
